947047076
947047035
947047068
947047011
947047079
947047020
947047026
947047083
947047017
947047090
947047033
947047063
947047001
947047057
947047047
947047084
947047051
947047006
947047040
947047043
947047077
947047086
947047087
947047073
947047070
947047010
947047062
947047028
947047082
947047039
947047032
947047030
947047095
947047072
947047089
947047000
947047058
947047080
947047046
947047022
947047018
947047052
947047014
947047023
947047088
947047016
947047042
947047027
947047074
947047048
947047094
947047045
947047078
947047007
947047071
947047024
947047012
947047059
947047085
947047100
947047092
947047069
947047003
947047004
947047049
947047093
947047009
947047098
947047002
947047075
947047060
947047038
947047025
947047008
947047005
947047056
947047053
947047099
947047029
947047041
947047064
947047096
947047065
947047091
947047054
947047031
947047013
947047034
947047061
947047067
947047055
947047066
947047081
947047097
947047019
947047015
947047036
947047050
947047044
947047037
947047021