391485
825811
539002
907171
158959
899271
708280
897288
602321
154536
844950
965361
158625
731875
384501
363347
394588
264462
935041
663499
146629
808529
703739
367483
103210
764406
546509
950053
364084
912303
236543
377450
540046
739741
370737
585011
976730
197445
566215
447836
314681
214359
272203
825193
177372
817143
657119
421748
497188
961852
687453
175495
940135
734781
282267
106942
399008
557314
815825
508785
907365
524895
608494
302762
819583
473343
557679
302396
502793
798504
628427
966199
659742
600292
974250